Line   OP  L  M
----------------
 00   INC  0  4
 01   JMP  0  25
 02   INC  0  9
 03   LOD  1  5
 04   STO  0  4
 05   LOD  1  5
 06   LIT  0  1
 07   OPR  0  3
 08   STO  1  5
 09   LOD  1  5
 10   LIT  0  0
 11   OPR  0  8
 12   JPC  0  16
 13   LIT  0  1
 14   STO  1  4
 15   LOD  1  5
 16   LIT  0  0
 17   OPR  0  12
 18   JPC  0  21
 19   CAL  1  2
 20   LOD  1  4
 21   LOD  0  4
 22   OPR  0  4
 23   STO  1  4
 24   OPR  0  0
 25   INC  0  6
 26   LIT  0  3
 27   STO  0  5
 28   CAL  0  2
 29   LOD  0  4
 30   SIO  0  0
 31   SIO  0  2

Line  OP  L  M  pc  bp  sp     stack    
----------------------------------------
Init Values:    0   1   0               
00   INC  0  4  1  1  4     0 0 0 0 
01   JMP  0  25  25  1  4     0 0 0 0 
25   INC  0  6  26  1  10     0 0 0 0 0 0 0 0 0 0 
26   LIT  0  3  27  1  11     0 0 0 0 0 0 0 0 0 0 3 
27   STO  0  5  28  1  10     0 0 0 0 0 3 0 0 0 0 
28   CAL  0  2  2  11  10     0 0 0 0 0 3 0 0 0 0 
02   INC  0  9  3  11  19     0 0 0 0 0 3 0 0 0 0 | 0 1 1 29 0 0 0 0 0 
03   LOD  1  5  4  11  20     0 0 0 0 0 3 0 0 0 0 | 0 1 1 29 0 0 0 0 0 3 
04   STO  0  4  5  11  19     0 0 0 0 0 3 0 0 0 0 | 0 1 1 29 3 0 0 0 0 
05   LOD  1  5  6  11  20     0 0 0 0 0 3 0 0 0 0 | 0 1 1 29 3 0 0 0 0 3 
06   LIT  0  1  7  11  21     0 0 0 0 0 3 0 0 0 0 | 0 1 1 29 3 0 0 0 0 3 1 
07   OPR  0  3  8  11  20     0 0 0 0 0 3 0 0 0 0 | 0 1 1 29 3 0 0 0 0 2 
08   STO  1  5  9  11  19     0 0 0 0 0 2 0 0 0 0 | 0 1 1 29 3 0 0 0 0 
09   LOD  1  5  10  11  20     0 0 0 0 0 2 0 0 0 0 | 0 1 1 29 3 0 0 0 0 2 
10   LIT  0  0  11  11  21     0 0 0 0 0 2 0 0 0 0 | 0 1 1 29 3 0 0 0 0 2 0 
11   OPR  0  8  12  11  20     0 0 0 0 0 2 0 0 0 0 | 0 1 1 29 3 0 0 0 0 0 
12   JPC  0  16  16  11  19     0 0 0 0 0 2 0 0 0 0 | 0 1 1 29 3 0 0 0 0 
16   LIT  0  0  17  11  20     0 0 0 0 0 2 0 0 0 0 | 0 1 1 29 3 0 0 0 0 0 
17   OPR  0  12  18  11  19     0 0 0 0 0 2 0 0 0 0 | 0 1 1 29 3 0 0 0 0 
18   JPC  0  21  21  11  18     0 0 0 0 0 2 0 0 0 0 | 0 1 1 29 3 0 0 0 
21   LOD  0  4  22  11  19     0 0 0 0 0 2 0 0 0 0 | 0 1 1 29 3 0 0 0 3 
22   OPR  0  4  23  11  18     0 0 0 0 0 2 0 0 0 0 | 0 1 1 29 3 0 0 0 
23   STO  1  4  24  11  17     0 0 0 0 0 2 0 0 0 0 | 0 1 1 29 3 0 0 
24   OPR  0  0  29  1  10     0 0 0 0 0 2 0 0 0 0 
29   LOD  0  4  30  1  11     0 0 0 0 0 2 0 0 0 0 0 
30   SIO  0  0  31  1  10     0 0 0 0 0 2 0 0 0 0 
31   SIO  0  2  32  1  10     0 0 0 0 0 2 0 0 0 0 
